     1        0   0.000
     2     9957   0.010
     3    19913   0.020
     4    29869   0.030
     5    39825   0.040
     6    49781   0.050
     7    59737   0.060
     8    69693   0.070
     9    79649   0.080
    10    89605   0.090
    11    99561   0.100
    12   109517   0.110
    13   119473   0.120
    14   129429   0.130
    15   139385   0.140
    16   149341   0.150
    17   159297   0.160
    18   169253   0.170
    19   179209   0.180
    20   189165   0.190
    21   199121   0.200
    22   209077   0.210
    23   219033   0.220
    24   228989   0.230
    25   238945   0.240
    26   248901   0.250
    27   258857   0.260
    28   268813   0.270
    29   278769   0.280
    30   288725   0.290
    31   298681   0.300
    32   308637   0.310
    33   318593   0.320
    34   328549   0.330
    35   338505   0.340
    36   348461   0.350
    37   358417   0.360
    38   368373   0.370
    39   378329   0.380
    40   388285   0.390
    41   398241   0.400
    42   408197   0.410
    43   418153   0.420
    44   428109   0.430
    45   438065   0.440
    46   448021   0.450
    47   457977   0.460
    48   467933   0.470
    49   477889   0.480
    50   487845   0.490
    51   497801   0.500
    52   507757   0.510
    53   517713   0.520
    54   527669   0.530
    55   537625   0.540
    56   547581   0.550
    57   557537   0.560
    58   567493   0.570
    59   577449   0.580
    60   587405   0.590
    61   597361   0.600
    62   607317   0.610
    63   617273   0.620
    64   627229   0.630
    65   637185   0.640
    66   647141   0.650
    67   657097   0.660
    68   667053   0.670
    69   677009   0.680
    70   686965   0.690
    71   696921   0.700
    72   706877   0.710
    73   716833   0.720
    74   726789   0.730
    75   736745   0.740
    76   746701   0.750
    77   756657   0.760
    78   766613   0.770
    79   776569   0.780
    80   786525   0.790
    81   796481   0.800
    82   806437   0.810
    83   816393   0.820
    84   826349   0.830
    85   836305   0.840
    86   846261   0.850
    87   856217   0.860
    88   866173   0.870
    89   876129   0.880
    90   886085   0.890
    91   896041   0.900
    92   905997   0.910
    93   915953   0.920
    94   925909   0.930
    95   935865   0.940
    96   945821   0.950
    97   955777   0.960
    98   965733   0.970
    99   975689   0.980
   100   985645   0.990
   101   995601   1.000
   102  1005557   1.010
   103  1015513   1.020
   104  1025469   1.030
   105  1035425   1.040
   106  1045381   1.050
   107  1055337   1.060
   108  1065293   1.070
   109  1075249   1.080
   110  1085205   1.090
   111  1095161   1.100
   112  1105117   1.110
   113  1115073   1.120
   114  1125029   1.130
   115  1134985   1.140
   116  1144941   1.150
   117  1154897   1.160
   118  1164853   1.170
   119  1174809   1.180
   120  1184765   1.190
   121  1194721   1.200
   122  1204677   1.210
   123  1214633   1.220
   124  1224589   1.230
   125  1234545   1.240
   126  1244501   1.250
   127  1254457   1.260
   128  1264413   1.270
   129  1274369   1.280
   130  1284325   1.290
   131  1294281   1.300
   132  1304237   1.310
   133  1314193   1.320
   134  1324149   1.330
   135  1334105   1.340
   136  1344061   1.350
   137  1354017   1.360
   138  1363973   1.370
   139  1373929   1.380
   140  1383885   1.390
   141  1393841   1.400
   142  1403797   1.410
   143  1413753   1.420
   144  1423709   1.430
   145  1433665   1.440
   146  1443621   1.450
   147  1453577   1.460
   148  1463533   1.470
   149  1473489   1.480
   150  1483445   1.490
   151  1493401   1.500
   152  1503357   1.510
   153  1513313   1.520
   154  1523269   1.530
   155  1533225   1.540
   156  1543181   1.550
   157  1553137   1.560
   158  1563093   1.570
   159  1573049   1.580
   160  1583005   1.590
   161  1592961   1.600
   162  1602917   1.610
   163  1612873   1.620
   164  1622829   1.630
   165  1632785   1.640
   166  1642741   1.650
   167  1652697   1.660
   168  1662653   1.670
   169  1672609   1.680
   170  1682565   1.690
   171  1692521   1.700
   172  1702477   1.710
   173  1712433   1.720
   174  1722389   1.730
   175  1732345   1.740
   176  1742301   1.750
   177  1752257   1.760
   178  1762213   1.770
   179  1772169   1.780
   180  1782125   1.790
   181  1792081   1.800
   182  1802037   1.810
   183  1811993   1.820
   184  1821949   1.830
   185  1831905   1.840
   186  1841861   1.850
   187  1851817   1.860
   188  1861773   1.870
   189  1871729   1.880
   190  1881685   1.890
   191  1891641   1.900
   192  1901597   1.910
   193  1911553   1.920
   194  1921509   1.930
   195  1931465   1.940
   196  1941421   1.950
   197  1951377   1.960
   198  1961333   1.970
   199  1971289   1.980
   200  1981245   1.990
   201  1991201   2.000
   202  2001157   2.010
   203  2011113   2.020
   204  2021069   2.030
   205  2031025   2.040
   206  2040981   2.050
   207  2050937   2.060
   208  2060893   2.070
   209  2070849   2.080
   210  2080805   2.090
   211  2090761   2.100
   212  2100717   2.110
   213  2110673   2.120
   214  2120629   2.130
   215  2130585   2.140
   216  2140541   2.150
   217  2150497   2.160
   218  2160453   2.170
   219  2170409   2.180
   220  2180365   2.190
   221  2190321   2.200
   222  2200277   2.210
   223  2210233   2.220
   224  2220189   2.230
   225  2230145   2.240
   226  2240101   2.250
   227  2250057   2.260
   228  2260013   2.270
   229  2269969   2.280
   230  2279925   2.290
   231  2289881   2.300
   232  2299837   2.310
   233  2309793   2.320
   234  2319749   2.330
   235  2329705   2.340
   236  2339661   2.350
   237  2349617   2.360
   238  2359573   2.370
   239  2369529   2.380
   240  2379485   2.390
   241  2389441   2.400
   242  2399397   2.410
   243  2409353   2.420
   244  2419309   2.430
   245  2429265   2.440
   246  2439221   2.450
   247  2449177   2.460
   248  2459133   2.470
   249  2469089   2.480
   250  2479045   2.490
   251  2489001   2.500
   252  2498957   2.510
   253  2508913   2.520
   254  2518869   2.530
   255  2528825   2.540
   256  2538781   2.550
   257  2548737   2.560
   258  2558693   2.570
   259  2568649   2.580
   260  2578605   2.590
   261  2588561   2.600
   262  2598517   2.610
   263  2608473   2.620
   264  2618429   2.630
   265  2628385   2.640
   266  2638341   2.650
   267  2648297   2.660
   268  2658253   2.670
   269  2668209   2.680
   270  2678165   2.690
   271  2688121   2.700
   272  2698077   2.710
   273  2708033   2.720
   274  2717989   2.730
   275  2727945   2.740
   276  2737901   2.750
   277  2747857   2.760
   278  2757813   2.770
   279  2767769   2.780
   280  2777725   2.790
   281  2787681   2.800
   282  2797637   2.810
   283  2807593   2.820
   284  2817549   2.830
   285  2827505   2.840
   286  2837461   2.850
   287  2847417   2.860
   288  2857373   2.870
   289  2867329   2.880
   290  2877285   2.890
   291  2887241   2.900
   292  2897197   2.910
   293  2907153   2.920
   294  2917109   2.930
   295  2927065   2.940
   296  2937021   2.950
   297  2946977   2.960
   298  2956933   2.970
   299  2966889   2.980
   300  2976845   2.990
   301  2986801   3.000
   302  2996757   3.010
   303  3006713   3.020
   304  3016669   3.030
   305  3026625   3.040
   306  3036581   3.050
   307  3046537   3.060
   308  3056493   3.070
   309  3066449   3.080
   310  3076405   3.090
   311  3086361   3.100
   312  3096317   3.110
   313  3106273   3.120
   314  3116229   3.130
   315  3126185   3.140
   316  3136141   3.150
   317  3146097   3.160
   318  3156053   3.170
   319  3166009   3.180
   320  3175965   3.190
   321  3185921   3.200
   322  3195877   3.210
   323  3205833   3.220
   324  3215789   3.230
   325  3225745   3.240
   326  3235701   3.250
   327  3245657   3.260
   328  3255613   3.270
   329  3265569   3.280
   330  3275525   3.290
   331  3285481   3.300
   332  3295437   3.310
   333  3305393   3.320
   334  3315349   3.330
   335  3325305   3.340
   336  3335261   3.350
   337  3345217   3.360
   338  3355173   3.370
   339  3365129   3.380
   340  3375085   3.390
   341  3385041   3.400
   342  3394997   3.410
   343  3404953   3.420
   344  3414909   3.430
   345  3424865   3.440
   346  3434821   3.450
   347  3444777   3.460
   348  3454733   3.470
   349  3464689   3.480
   350  3474645   3.490
   351  3484601   3.500
   352  3494557   3.510
   353  3504513   3.520
   354  3514469   3.530
   355  3524425   3.540
   356  3534381   3.550
   357  3544337   3.560
   358  3554293   3.570
   359  3564249   3.580
   360  3574205   3.590
   361  3584161   3.600
   362  3594117   3.610
   363  3604073   3.620
   364  3614029   3.630
   365  3623985   3.640
   366  3633941   3.650
   367  3643897   3.660
   368  3653853   3.670
   369  3663809   3.680
   370  3673765   3.690
   371  3683721   3.700
   372  3693677   3.710
   373  3703633   3.720
   374  3713589   3.730
   375  3723545   3.740
   376  3733501   3.750
   377  3743457   3.760
   378  3753413   3.770
   379  3763369   3.780
   380  3773325   3.790
   381  3783281   3.800
   382  3793237   3.810
   383  3803193   3.820
   384  3813149   3.830
   385  3823105   3.840
   386  3833061   3.850
   387  3843017   3.860
   388  3852973   3.870
   389  3862929   3.880
   390  3872885   3.890
   391  3882841   3.900
   392  3892797   3.910
   393  3902753   3.920
   394  3912709   3.930
   395  3922665   3.940
   396  3932621   3.950
   397  3942577   3.960
   398  3952533   3.970
   399  3962489   3.980
   400  3972445   3.990
   401  3982401   4.000
   402  3992357   4.010
   403  4002313   4.020
   404  4012269   4.030
   405  4022225   4.040
   406  4032181   4.050
   407  4042137   4.060
   408  4052093   4.070
   409  4062049   4.080
   410  4072005   4.090
   411  4081961   4.100
   412  4091917   4.110
   413  4101873   4.120
   414  4111829   4.130
   415  4121785   4.140
   416  4131741   4.150
   417  4141697   4.160
   418  4151653   4.170
   419  4161609   4.180
   420  4171565   4.190
   421  4181521   4.200
   422  4191477   4.210
   423  4201433   4.220
   424  4211389   4.230
   425  4221345   4.240
   426  4231301   4.250
   427  4241257   4.260
   428  4251213   4.270
   429  4261169   4.280
   430  4271125   4.290
   431  4281081   4.300
   432  4291037   4.310
   433  4300993   4.320
   434  4310949   4.330
   435  4320905   4.340
   436  4330861   4.350
   437  4340817   4.360
   438  4350773   4.370
   439  4360729   4.380
   440  4370685   4.390
   441  4380641   4.400
   442  4390597   4.410
   443  4400553   4.420
   444  4410509   4.430
   445  4420465   4.440
   446  4430421   4.450
   447  4440377   4.460
   448  4450333   4.470
   449  4460289   4.480
   450  4470245   4.490
   451  4480201   4.500
   452  4490157   4.510
   453  4500113   4.520
   454  4510069   4.530
   455  4520025   4.540
   456  4529981   4.550
   457  4539937   4.560
   458  4549893   4.570
   459  4559849   4.580
   460  4569805   4.590
   461  4579761   4.600
   462  4589717   4.610
   463  4599673   4.620
   464  4609629   4.630
   465  4619585   4.640
   466  4629541   4.650
   467  4639497   4.660
   468  4649453   4.670
   469  4659409   4.680
   470  4669365   4.690
   471  4679321   4.700
   472  4689277   4.710
   473  4699233   4.720
   474  4709189   4.730
   475  4719145   4.740
   476  4729101   4.750
   477  4739057   4.760
   478  4749013   4.770
   479  4758969   4.780
   480  4768925   4.790
   481  4778881   4.800
   482  4788837   4.810
   483  4798793   4.820
   484  4808749   4.830
   485  4818705   4.840
   486  4828661   4.850
   487  4838617   4.860
   488  4848573   4.870
   489  4858529   4.880
   490  4868485   4.890
   491  4878441   4.900
   492  4888397   4.910
   493  4898353   4.920
   494  4908309   4.930
   495  4918265   4.940
   496  4928221   4.950
   497  4938177   4.960
   498  4948133   4.970
   499  4958089   4.980
   500  4968045   4.990
   501  4978001   5.000
   502  4987957   5.010
   503  4997913   5.020
   504  5007869   5.030
   505  5017825   5.040
   506  5027781   5.050
   507  5037737   5.060
   508  5047693   5.070
   509  5057649   5.080
   510  5067605   5.090
   511  5077561   5.100
   512  5087517   5.110
   513  5097473   5.120
   514  5107429   5.130
   515  5117385   5.140
   516  5127341   5.150
   517  5137297   5.160
   518  5147253   5.170
   519  5157209   5.180
   520  5167165   5.190
   521  5177121   5.200
   522  5187077   5.210
   523  5197033   5.220
   524  5206989   5.230
   525  5216945   5.240
   526  5226901   5.250
   527  5236857   5.260
   528  5246813   5.270
   529  5256769   5.280
   530  5266725   5.290
   531  5276681   5.300
   532  5286637   5.310
   533  5296593   5.320
   534  5306549   5.330
   535  5316505   5.340
   536  5326461   5.350
   537  5336417   5.360
   538  5346373   5.370
   539  5356329   5.380
   540  5366285   5.390
   541  5376241   5.400
   542  5386197   5.410
   543  5396153   5.420
   544  5406109   5.430
   545  5416065   5.440
   546  5426021   5.450
   547  5435977   5.460
   548  5445933   5.470
   549  5455889   5.480
   550  5465845   5.490
   551  5475801   5.500
