     1        0   129600   0.000
     2     9957   129600   0.010
     3    19913   129600   0.020
     4    29869   129600   0.030
     5    39825   129600   0.040
     6    49781   129600   0.050
     7    59737   129600   0.060
     8    69693   129600   0.070
     9    79649   129600   0.080
    10    89605   129600   0.090
    11    99561   129600   0.100
    12   109517   129600   0.110
    13   119473   129600   0.120
    14   129429   129600   0.130
    15   139385   129600   0.140
    16   149341   129600   0.150
    17   159297   129600   0.160
    18   169253   129600   0.170
    19   179209   130657   0.180
    20   189165   130657   0.190
    21   199121   130657   0.200
    22   209077   130657   0.210
    23   219033   130657   0.220
    24   228989   130657   0.230
    25   238945   130657   0.240
    26   248901   130657   0.250
    27   258857   130657   0.260
    28   268813   130657   0.270
    29   278769   130657   0.280
    30   288725   130657   0.290
    31   298681   130657   0.300
    32   308637   130657   0.310
    33   318593   130657   0.320
    34   328549   132401   0.330
    35   338505   132401   0.340
    36   348461   132401   0.350
    37   358417   132401   0.360
    38   368373   132401   0.370
    39   378329   132401   0.380
    40   388285   132401   0.390
    41   398241   132401   0.400
    42   408197   132401   0.410
    43   418153   132401   0.420
    44   428109   132401   0.430
    45   438065   132401   0.440
    46   448021   133891   0.450
    47   457977   133891   0.460
    48   467933   133891   0.470
    49   477889   133891   0.480
    50   487845   133891   0.490
    51   497801   133891   0.500
    52   507757   133891   0.510
    53   517713   133891   0.520
    54   527669   133891   0.530
    55   537625   133891   0.540
    56   547581   133891   0.550
    57   557537   133891   0.560
    58   567493   133891   0.570
    59   577449   133891   0.580
    60   587405   133891   0.590
    61   597361   133891   0.600
    62   607317   133891   0.610
    63   617273   136239   0.620
    64   627229   136239   0.630
    65   637185   136239   0.640
    66   647141   136239   0.650
    67   657097   136239   0.660
    68   667053   136239   0.670
    69   677009   136239   0.680
    70   686965   136239   0.690
    71   696921   136239   0.700
    72   706877   136239   0.710
    73   716833   136239   0.720
    74   726789   136239   0.730
    75   736745   136239   0.740
    76   746701   136239   0.750
    77   756657   136239   0.760
    78   766613   136239   0.770
    79   776569   136239   0.780
    80   786525   136239   0.790
    81   796481   138607   0.800
    82   806437   138607   0.810
    83   816393   138607   0.820
    84   826349   138607   0.830
    85   836305   138607   0.840
    86   846261   138607   0.850
    87   856217   138607   0.860
    88   866173   138607   0.870
    89   876129   138607   0.880
    90   886085   138607   0.890
    91   896041   138607   0.900
    92   905997   138607   0.910
    93   915953   138607   0.920
    94   925909   138607   0.930
    95   935865   138607   0.940
    96   945821   138607   0.950
    97   955777   138607   0.960
    98   965733   141384   0.970
    99   975689   141384   0.980
   100   985645   141384   0.990
   101   995601   141384   1.000
   102  1005557   141384   1.010
   103  1015513   141384   1.020
   104  1025469   141384   1.030
   105  1035425   141384   1.040
   106  1045381   141384   1.050
   107  1055337   141384   1.060
   108  1065293   141384   1.070
   109  1075249   141384   1.080
   110  1085205   141384   1.090
   111  1095161   141384   1.100
   112  1105117   141384   1.110
   113  1115073   141384   1.120
   114  1125029   141384   1.130
   115  1134985   141384   1.140
   116  1144941   144171   1.150
   117  1154897   144171   1.160
   118  1164853   144171   1.170
   119  1174809   144171   1.180
   120  1184765   144171   1.190
   121  1194721   144171   1.200
   122  1204677   144171   1.210
   123  1214633   144171   1.220
   124  1224589   144171   1.230
   125  1234545   144171   1.240
   126  1244501   144171   1.250
   127  1254457   144171   1.260
   128  1264413   144171   1.270
   129  1274369   144171   1.280
   130  1284325   144171   1.290
   131  1294281   144171   1.300
   132  1304237   144171   1.310
   133  1314193   146856   1.320
   134  1324149   146856   1.330
   135  1334105   146856   1.340
   136  1344061   146856   1.350
   137  1354017   146856   1.360
   138  1363973   146856   1.370
   139  1373929   146856   1.380
   140  1383885   146856   1.390
   141  1393841   146856   1.400
   142  1403797   146856   1.410
   143  1413753   146856   1.420
   144  1423709   146856   1.430
   145  1433665   146856   1.440
   146  1443621   146856   1.450
   147  1453577   146856   1.460
   148  1463533   146856   1.470
   149  1473489   146856   1.480
   150  1483445   149922   1.490
   151  1493401   149922   1.500
   152  1503357   149922   1.510
   153  1513313   149922   1.520
   154  1523269   149922   1.530
   155  1533225   149922   1.540
   156  1543181   149922   1.550
   157  1553137   149922   1.560
   158  1563093   149922   1.570
   159  1573049   149922   1.580
   160  1583005   149922   1.590
   161  1592961   149922   1.600
   162  1602917   149922   1.610
   163  1612873   149922   1.620
   164  1622829   149922   1.630
   165  1632785   149922   1.640
   166  1642741   149922   1.650
   167  1652697   149922   1.660
   168  1662653   152611   1.670
   169  1672609   152611   1.680
   170  1682565   152611   1.690
   171  1692521   152611   1.700
   172  1702477   152611   1.710
   173  1712433   152611   1.720
   174  1722389   152611   1.730
   175  1732345   152611   1.740
   176  1742301   152611   1.750
   177  1752257   152611   1.760
   178  1762213   152611   1.770
   179  1772169   152611   1.780
   180  1782125   152611   1.790
   181  1792081   152611   1.800
   182  1802037   152611   1.810
   183  1811993   152611   1.820
   184  1821949   152611   1.830
   185  1831905   155564   1.840
   186  1841861   155564   1.850
   187  1851817   155564   1.860
   188  1861773   155564   1.870
   189  1871729   155564   1.880
   190  1881685   155564   1.890
   191  1891641   155564   1.900
   192  1901597   155564   1.910
   193  1911553   155564   1.920
   194  1921509   155564   1.930
   195  1931465   155564   1.940
   196  1941421   155564   1.950
   197  1951377   155564   1.960
   198  1961333   155564   1.970
   199  1971289   155564   1.980
   200  1981245   155564   1.990
   201  1991201   155564   2.000
   202  2001157   158912   2.010
   203  2011113   158912   2.020
   204  2021069   158912   2.030
   205  2031025   158912   2.040
   206  2040981   158912   2.050
   207  2050937   158912   2.060
   208  2060893   158912   2.070
   209  2070849   158912   2.080
   210  2080805   158912   2.090
   211  2090761   158912   2.100
   212  2100717   158912   2.110
   213  2110673   158912   2.120
   214  2120629   158912   2.130
   215  2130585   158912   2.140
   216  2140541   158912   2.150
   217  2150497   158912   2.160
   218  2160453   158912   2.170
   219  2170409   158912   2.180
   220  2180365   162002   2.190
   221  2190321   162002   2.200
   222  2200277   162002   2.210
   223  2210233   162002   2.220
   224  2220189   162002   2.230
   225  2230145   162002   2.240
   226  2240101   162002   2.250
   227  2250057   162002   2.260
   228  2260013   162002   2.270
   229  2269969   162002   2.280
   230  2279925   162002   2.290
   231  2289881   162002   2.300
   232  2299837   162002   2.310
   233  2309793   162002   2.320
   234  2319749   162002   2.330
   235  2329705   162002   2.340
   236  2339661   162002   2.350
   237  2349617   165049   2.360
   238  2359573   165049   2.370
   239  2369529   165049   2.380
   240  2379485   165049   2.390
   241  2389441   165049   2.400
   242  2399397   165049   2.410
   243  2409353   165049   2.420
   244  2419309   165049   2.430
   245  2429265   165049   2.440
   246  2439221   165049   2.450
   247  2449177   165049   2.460
   248  2459133   165049   2.470
   249  2469089   165049   2.480
   250  2479045   165049   2.490
   251  2489001   165049   2.500
   252  2498957   165049   2.510
   253  2508913   165049   2.520
   254  2518869   165049   2.530
   255  2528825   168136   2.540
   256  2538781   168136   2.550
   257  2548737   168136   2.560
   258  2558693   168136   2.570
   259  2568649   168136   2.580
   260  2578605   168136   2.590
   261  2588561   168136   2.600
   262  2598517   168136   2.610
   263  2608473   168136   2.620
   264  2618429   168136   2.630
   265  2628385   168136   2.640
   266  2638341   168136   2.650
   267  2648297   168136   2.660
   268  2658253   168136   2.670
   269  2668209   168136   2.680
   270  2678165   168136   2.690
   271  2688121   168136   2.700
   272  2698077   171275   2.710
   273  2708033   171275   2.720
   274  2717989   171275   2.730
   275  2727945   171275   2.740
   276  2737901   171275   2.750
   277  2747857   171275   2.760
   278  2757813   171275   2.770
   279  2767769   171275   2.780
   280  2777725   171275   2.790
   281  2787681   171275   2.800
   282  2797637   171275   2.810
   283  2807593   171275   2.820
   284  2817549   171275   2.830
   285  2827505   171275   2.840
   286  2837461   171275   2.850
   287  2847417   171275   2.860
   288  2857373   171275   2.870
   289  2867329   171275   2.880
   290  2877285   174394   2.890
   291  2887241   174394   2.900
   292  2897197   174394   2.910
   293  2907153   174394   2.920
   294  2917109   174394   2.930
   295  2927065   174394   2.940
   296  2937021   174394   2.950
   297  2946977   174394   2.960
   298  2956933   174394   2.970
   299  2966889   174394   2.980
   300  2976845   174394   2.990
   301  2986801   174394   3.000
   302  2996757   174394   3.010
   303  3006713   174394   3.020
   304  3016669   174394   3.030
   305  3026625   174394   3.040
   306  3036581   174394   3.050
   307  3046537   177474   3.060
   308  3056493   177474   3.070
   309  3066449   177474   3.080
   310  3076405   177474   3.090
   311  3086361   177474   3.100
   312  3096317   177474   3.110
   313  3106273   177474   3.120
   314  3116229   177474   3.130
   315  3126185   177474   3.140
   316  3136141   177474   3.150
   317  3146097   177474   3.160
   318  3156053   177474   3.170
   319  3166009   177474   3.180
   320  3175965   177474   3.190
   321  3185921   177474   3.200
   322  3195877   177474   3.210
   323  3205833   177474   3.220
   324  3215789   177474   3.230
   325  3225745   180857   3.240
   326  3235701   180857   3.250
   327  3245657   180857   3.260
   328  3255613   180857   3.270
   329  3265569   180857   3.280
   330  3275525   180857   3.290
   331  3285481   180857   3.300
   332  3295437   180857   3.310
   333  3305393   180857   3.320
   334  3315349   180857   3.330
   335  3325305   180857   3.340
   336  3335261   180857   3.350
   337  3345217   183420   3.360
   338  3355173   183420   3.370
   339  3365129   183420   3.380
   340  3375085   183420   3.390
   341  3385041   183420   3.400
   342  3394997   183420   3.410
   343  3404953   183420   3.420
   344  3414909   183420   3.430
   345  3424865   183420   3.440
   346  3434821   183420   3.450
   347  3444777   183420   3.460
   348  3454733   183420   3.470
   349  3464689   183420   3.480
   350  3474645   183420   3.490
   351  3484601   183420   3.500
   352  3494557   183420   3.510
   353  3504513   183420   3.520
   354  3514469   183420   3.530
   355  3524425   186694   3.540
   356  3534381   186694   3.550
   357  3544337   186694   3.560
   358  3554293   186694   3.570
   359  3564249   186694   3.580
   360  3574205   186694   3.590
   361  3584161   186694   3.600
   362  3594117   186694   3.610
   363  3604073   186694   3.620
   364  3614029   186694   3.630
   365  3623985   186694   3.640
   366  3633941   186694   3.650
   367  3643897   186694   3.660
   368  3653853   186694   3.670
   369  3663809   186694   3.680
   370  3673765   186694   3.690
   371  3683721   186694   3.700
   372  3693677   189628   3.710
   373  3703633   189628   3.720
   374  3713589   189628   3.730
   375  3723545   189628   3.740
   376  3733501   189628   3.750
   377  3743457   189628   3.760
   378  3753413   189628   3.770
   379  3763369   189628   3.780
   380  3773325   189628   3.790
   381  3783281   189628   3.800
   382  3793237   189628   3.810
   383  3803193   189628   3.820
   384  3813149   189628   3.830
   385  3823105   189628   3.840
   386  3833061   189628   3.850
   387  3843017   189628   3.860
   388  3852973   189628   3.870
   389  3862929   193018   3.880
   390  3872885   193018   3.890
   391  3882841   193018   3.900
   392  3892797   193018   3.910
   393  3902753   193018   3.920
   394  3912709   193018   3.930
   395  3922665   193018   3.940
   396  3932621   193018   3.950
   397  3942577   193018   3.960
   398  3952533   193018   3.970
   399  3962489   193018   3.980
   400  3972445   193018   3.990
   401  3982401   193018   4.000
   402  3992357   193018   4.010
   403  4002313   193018   4.020
   404  4012269   195893   4.030
   405  4022225   195893   4.040
   406  4032181   195893   4.050
   407  4042137   195893   4.060
   408  4052093   195893   4.070
   409  4062049   195893   4.080
   410  4072005   195893   4.090
   411  4081961   195893   4.100
   412  4091917   195893   4.110
   413  4101873   195893   4.120
   414  4111829   195893   4.130
   415  4121785   195893   4.140
   416  4131741   195893   4.150
   417  4141697   195893   4.160
   418  4151653   195893   4.170
   419  4161609   195893   4.180
   420  4171565   195893   4.190
   421  4181521   195893   4.200
   422  4191477   199020   4.210
   423  4201433   199020   4.220
   424  4211389   199020   4.230
   425  4221345   199020   4.240
   426  4231301   199020   4.250
   427  4241257   199020   4.260
   428  4251213   199020   4.270
   429  4261169   199020   4.280
   430  4271125   199020   4.290
   431  4281081   199020   4.300
   432  4291037   199020   4.310
   433  4300993   199020   4.320
   434  4310949   199020   4.330
   435  4320905   199020   4.340
   436  4330861   199020   4.350
   437  4340817   199020   4.360
   438  4350773   199020   4.370
   439  4360729   202207   4.380
   440  4370685   202207   4.390
   441  4380641   202207   4.400
   442  4390597   202207   4.410
   443  4400553   202207   4.420
   444  4410509   202207   4.430
   445  4420465   202207   4.440
   446  4430421   202207   4.450
   447  4440377   202207   4.460
   448  4450333   202207   4.470
   449  4460289   202207   4.480
   450  4470245   202207   4.490
   451  4480201   202207   4.500
   452  4490157   202207   4.510
   453  4500113   202207   4.520
   454  4510069   202207   4.530
   455  4520025   202207   4.540
   456  4529981   205491   4.550
   457  4539937   205491   4.560
   458  4549893   205491   4.570
   459  4559849   205491   4.580
   460  4569805   205491   4.590
   461  4579761   205491   4.600
   462  4589717   205491   4.610
   463  4599673   205491   4.620
   464  4609629   205491   4.630
   465  4619585   205491   4.640
   466  4629541   205491   4.650
   467  4639497   205491   4.660
   468  4649453   205491   4.670
   469  4659409   205491   4.680
   470  4669365   205491   4.690
   471  4679321   205491   4.700
   472  4689277   205491   4.710
   473  4699233   205491   4.720
   474  4709189   208828   4.730
   475  4719145   208828   4.740
   476  4729101   208828   4.750
   477  4739057   208828   4.760
   478  4749013   208828   4.770
   479  4758969   208828   4.780
   480  4768925   208828   4.790
   481  4778881   208828   4.800
   482  4788837   208828   4.810
   483  4798793   208828   4.820
   484  4808749   208828   4.830
   485  4818705   208828   4.840
   486  4828661   208828   4.850
   487  4838617   208828   4.860
   488  4848573   208828   4.870
   489  4858529   208828   4.880
   490  4868485   208828   4.890
   491  4878441   212161   4.900
   492  4888397   212161   4.910
   493  4898353   212161   4.920
   494  4908309   212161   4.930
   495  4918265   212161   4.940
   496  4928221   212161   4.950
   497  4938177   212161   4.960
   498  4948133   212161   4.970
   499  4958089   212161   4.980
   500  4968045   212161   4.990
   501  4978001   212161   5.000
   502  4987957   212161   5.010
   503  4997913   212161   5.020
   504  5007869   212161   5.030
   505  5017825   212161   5.040
   506  5027781   212161   5.050
   507  5037737   212161   5.060
   508  5047693   212161   5.070
   509  5057649   215559   5.080
   510  5067605   215559   5.090
   511  5077561   215559   5.100
   512  5087517   215559   5.110
   513  5097473   215559   5.120
   514  5107429   215559   5.130
   515  5117385   215559   5.140
   516  5127341   215559   5.150
   517  5137297   215559   5.160
   518  5147253   215559   5.170
   519  5157209   215559   5.180
   520  5167165   215559   5.190
   521  5177121   215559   5.200
   522  5187077   215559   5.210
   523  5197033   215559   5.220
   524  5206989   215559   5.230
   525  5216945   215559   5.240
   526  5226901   218856   5.250
   527  5236857   218856   5.260
   528  5246813   218856   5.270
   529  5256769   218856   5.280
   530  5266725   218856   5.290
   531  5276681   218856   5.300
   532  5286637   218856   5.310
   533  5296593   218856   5.320
   534  5306549   218856   5.330
   535  5316505   218856   5.340
   536  5326461   218856   5.350
   537  5336417   218856   5.360
   538  5346373   218856   5.370
   539  5356329   218856   5.380
   540  5366285   218856   5.390
   541  5376241   218856   5.400
   542  5386197   218856   5.410
   543  5396153   218856   5.420
   544  5406109   222005   5.430
   545  5416065   222005   5.440
   546  5426021   222005   5.450
   547  5435977   222005   5.460
   548  5445933   222005   5.470
   549  5455889   222005   5.480
   550  5465845   222005   5.490
   551  5475801   222005   5.500
